landmark_MR = [-1.025 -56.746 38.967];
landmark_US = [-0.932 -58.874 38.967]; 