landmark_MR = [4.64 -70.300 -1.825; 4.579 -68.214 -3.795; -2.736 -58.524 -7.623; -1.984 -60.930 -7.623];
landmark_US = [5.281 -69.204 -1.825; 4.697 -66.087 -3.795; -3.112 -56.945 -7.623; -2.510 -58.975 -7.623];